451109
451109
687.082
312.516
195.406
195.406
195.406
173.42
156.092
156.092
156.092
156.092
156.092
156.092
156.092
156.092
156.092
156.092
156.092
156.092
156.092
149.953
149.953
149.953
149.953
149.953
149.953
149.953
149.953
149.953
149.953
149.953
149.953
149.953
149.953
149.953
149.953
149.953
149.953
149.953
149.953
149.953
149.953
149.953
149.953
149.953
149.953
149.953
149.953
149.953
149.953
149.953
149.953
149.953
149.869
149.869
149.869
149.869
149.869
149.869
149.869
149.869
149.869
149.869
149.869
149.869
149.869
149.869
149.869
149.869
149.869
149.869
149.869
149.869
