5.34462e+137
146.67
146.67
146.67
146.67
146.67
146.67
146.67
146.67
146.67
146.67
146.67
146.67
87.5375
87.5375
87.5375
87.5375
87.5375
87.5375
87.5375
55.5165
55.5165
55.5165
55.5165
55.5165
55.5165
55.5165
55.5165
55.5165
55.5165
55.5165
55.5165
55.5165
55.5165
55.5165
55.5165
55.5165
55.5165
55.5165
55.5165
55.5165
55.5165
55.5165
55.5165
55.5165
55.5165
55.5165
55.5165
55.5165
55.5165
55.5165
55.5165
55.5165
55.5165
55.5165
55.5165
55.5165
55.5165
55.5165
55.5165
55.5165
55.5165
55.5165
55.5165
55.5165
55.5165
55.5165
55.5165
55.5165
55.5165
55.5165
55.5165
55.5165
55.5165
55.5165
55.5165
55.5165
55.5165
55.5165
55.5165
55.5165
55.5165
55.5165
55.5165
55.5165
55.5165
55.5165
55.5165
55.5165
55.5165
55.5165
55.5165
55.5165
55.5165
55.5165
55.5165
55.5165
55.5165
55.5165
55.5165
55.5165
55.5165
55.5165
55.5165
55.5165
55.5165
55.5165
55.5165
55.5165
55.5165
54.6038
54.6038
54.6038
54.6038
54.6038
54.6038
54.6038
54.6038
49.3316
41.7497
41.7497
41.7497
41.7497
41.7497
41.7497
41.7497
41.7497
41.7497
41.7497
41.7497
41.7497
41.7497
41.7497
41.7497
41.7497
41.7497
41.7497
41.7497
41.7497
41.7497
41.7497
41.7497
41.7497
41.7497
41.7497
41.7497
41.7497
41.7497
41.7497
41.7497
41.7497
41.7497
41.7497
41.7497
41.7497
41.7497
41.7497
41.7497
41.7497
41.7497
41.7497
41.7497
41.7497
41.7497
41.7497
41.7497
41.7497
41.7497
41.7497
41.7497
41.7497
41.7497
41.7497
41.7497
41.7497
41.7497
41.7497
41.7497
41.7497
41.7497
41.7497
41.7497
41.7497
41.7497
41.7497
41.7497
41.7497
41.7497
41.7497
41.7497
41.7497
41.7497
41.7497
41.7497
41.7497
41.7497
41.7497
41.7497
41.7497
41.7497
41.7497
41.7497
41.7497
41.7497
41.7497
41.7497
41.7497
41.7497
41.7497
41.7497
41.7497
41.7497
41.7497
41.7497
41.7497
41.7497
41.7497
41.7497
41.7497
41.7497
41.7497
41.7497
41.7497
41.7497
41.7497
41.7497
41.7497
41.7497
41.7497
41.7497
41.7497
41.7497
41.7497
41.7497
41.7497
41.7497
41.7497
41.7497
41.7497
41.7497
41.7497
41.7497
41.7497
41.7497
41.7497
41.7497
41.7497
41.7497
41.7497
41.7497
41.7497
41.7497
40.654
40.654
40.654
40.654
41.2936
41.2936
41.2936
41.2936
41.2936
41.2936
41.2936
41.2936
41.2936
41.2936
41.2936
41.2936
41.2936
40.654
41.2936
40.654
40.654
40.654
40.654
40.654
40.654
40.654
40.654
38.5654
38.5654
38.5654
39.9427
39.9427
39.9427
39.9427
39.9427
35.5935
35.5935
35.5935
35.5935
35.5935
35.5935
35.5935
35.5935
35.5935
35.5935
35.5935
35.5666
35.5666
35.5661
35.5661
35.5666
35.542
35.542
35.542
35.542
35.542
35.542
35.5661
35.542
35.542
35.542
35.542
35.542
35.542
35.542
35.5661
35.542
35.542
35.542
35.5661
35.542
35.542
35.542
35.5661
35.542
35.5661
35.5661
35.542
35.542
35.542
35.542
35.542
35.5661
35.542
35.542
35.542
35.542
35.542
35.542
35.542
35.5661
35.542
35.542
35.542
35.542
35.542
35.542
35.542
35.542
35.542
35.542
35.542
35.542
35.542
35.542
35.542
35.542
35.5661
35.542
35.542
35.542
35.542
35.542
35.542
35.542
35.542
35.542
35.542
35.5661
35.542
35.542
35.542
35.542
35.542
35.542
35.542
35.542
35.542
35.542
35.542
35.542
35.542
35.542
35.542
35.542
35.542
35.542
35.542
35.542
35.542
35.542
35.542
35.542
35.542
35.542
35.542
35.542
35.542
35.542
35.542
35.542
35.542
35.542
35.542
35.542
35.542
35.542
35.6875
35.542
35.542
35.542
35.6875
35.542
35.542
35.542
35.542
35.542
35.542
35.542
35.542
35.6875
35.542
35.542
35.5661
35.542
35.542
35.542
35.542
35.542
35.542
35.542
35.542
35.542
35.542
37.4611
35.6875
35.6875
35.5661
35.6875
35.5661
35.5661
37.4611
35.5661
35.542
35.5661
35.542
35.5672
35.5672
35.5672
35.5672
35.5672
35.5672
35.5672
35.5672
35.5672
35.5233
35.5233
35.5233
35.5233
35.5564
35.5564
35.5564
35.5564
35.5564
35.5564
34.9434
34.9434
34.9434
34.9434
34.9434
32.2795
32.2795
32.2795
32.2795
32.2795
32.2795
32.2795
32.2795
32.2295
32.2295
32.1948
32.2248
32.2248
32.2248
32.2015
32.2015
32.2015
32.2015
32.2015
32.2015
32.2015
32.2015
32.1567
32.1567
32.1567
32.0599
31.8117
31.8117
