General 499	MSE 31.8117
(((x05*3,141593)+exp(exp(sin(x05))))-1/(sin(ln(x11))-(exp((x06*1/(1/(x10)))-exp(x05))*ln(x03))))
24	24.4497
21.6	23.3217
34.7	34.7984
33.4	32.1749
36.2	34.333
28.7	23.3825
22.9	21.0363
27.1	21.8372
16.5	19.415
18.9	20.9986
15	23.0327
18.9	21.0221
21.7	20.4769
20.4	20.7445
18.2	21.4449
19.9	20.2393
23.1	20.6812
17.5	20.933
20.2	18.755
18.2	19.7956
13.6	19.1804
19.6	20.8175
15.2	21.6796
14.5	20.1504
15.6	20.6319
13.9	19.2913
16.6	20.1504
14.8	21.2036
18.4	23.8395
21	25.2887
12.7	19.7391
14.5	21.3257
13.2	20.7491
13.1	19.691
13.5	21.4449
18.9	20.6722
20	20.2692
21	20.3077
24.7	20.8221
30.8	27.9658
34.9	32.5473
26.6	29.3005
25.3	24.87
24.7	25.371
21.2	21.3109
19.3	19.6153
20	20.0374
16.6	21.1218
14.4	18.5478
19.4	19.3028
19.7	20.8083
20.5	21.5408
25	27.3464
23.4	24.3597
18.9	20.4725
35.4	35.8758
24.7	23.0714
31.6	29.9642
23.3	21.6952
19.6	20.6453
18.7	19.8524
16	20.8221
22.2	23.5614
25	30.3082
33	33.602
23.5	25.8869
19.4	20.0416
22	20.4288
17.4	19.2721
20.9	20.4594
24.2	26.352
21.7	23.7068
22.8	24.5219
23.4	25.15
24.1	25.7334
21.4	22.474
20	22.433
20.8	21.6692
21.2	22.1644
20.3	20.4114
28	29.1703
23.9	24.8104
24.8	22.5687
22.9	21.8107
23.9	23.1102
26.6	24.9035
22.5	21.0504
22.2	21.5714
23.6	28.966
28.7	33.3195
22.6	23.2949
22	23.2151
22.9	23.4645
25	22.048
20.6	22.2603
28.4	24.861
21.4	21.7895
38.7	42.9838
43.8	42.9961
33.2	38.5506
27.5	25.7809
26.5	26.3162
18.6	23.2151
19.3	21.6536
20.1	21.8107
19.5	20.312
19.5	20.2478
20.4	21.6021
19.8	23.6883
19.4	22.1477
21.7	21.9607
22.8	25.6667
18.8	20.5828
18.7	21.4249
18.5	22.2887
18.3	20.6498
21.2	21.8585
19.2	21.0789
20.4	20.4027
19.3	19.8117
22	20.394
20.3	20.9986
20.5	20.7992
17.3	20.3335
18.8	20.4332
21.4	20.9144
15.7	19.3452
16.2	19.659
18	23.3893
14.3	19.4383
19.2	23.5754
19.6	22.7135
23	23.0007
18.4	20.1884
15.6	19.9177
18.1	22.7687
17.4	20.7128
17.1	23.5475
13.3	20.3378
17.8	21.7265
14	21.8478
14.4	17.2379
13.4	21.9516
15.6	18.7991
11.8	16.8576
13.8	21.6175
15.6	19.4033
14.6	16.9324
17.8	17.8002
15.4	19.2836
21.5	21.5765
19.6	18.5659
15.3	19.5396
19.4	19.723
17	23.6547
15.6	22.7599
13.1	18.0974
41.3	28.1459
24.3	21.2962
23.3	23.9497
27	24.5303
50	39.1261
50	42.8074
50	40.2904
22.7	20.3249
25	21.47
50	42.7029
23.8	20.4244
23.8	22.6709
22.3	23.1953
17.4	20.4157
19.1	20.4375
23.1	19.188
23.6	23.2882
22.6	20.3464
29.4	27.4538
23.2	21.0742
24.6	22.6467
29.9	27.1651
37.2	32.0026
39.8	42.7396
36.2	21.6899
37.9	31.0635
32.5	24.3545
26.4	19.3105
29.6	21.7369
50	43.02
32	29.6338
29.8	27.3363
34.9	34.9077
37	31.1686
30.5	29.0973
36.4	34.6315
31.1	29.8072
29.1	27.5878
50	43.2021
33.3	36.5042
30.3	32.8462
34.6	36.172
34.9	31.9383
32.9	33.8354
24.1	21.7842
42.3	41.2539
48.5	43.1039
50	42.9692
22.6	20.4856
24.4	22.7135
22.5	20.025
24.4	24.2888
20	21.7403
21.7	24.0856
19.3	21.9098
22.4	23.3565
28.1	23.0199
23.7	21.0025
25	21.8906
23.3	23.7517
28.7	25.0066
21.5	24.1429
23	26.311
26.7	31.4962
21.7	25.1388
27.5	30.5989
30.1	24.802
44.8	41.2393
50	37.1419
37.6	42.8674
31.6	31.184
46.7	41.6552
31.5	27.2492
24.3	20.8912
31.7	37.9896
41.7	40.5952
48.3	41.2721
29	28.3606
24	21.395
25.1	28.0813
31.5	37.4559
23.7	26.6987
23.3	27.76
22	30.8301
20.1	21.4399
22.2	22.9119
23.7	25.9976
17.6	19.2682
18.5	19.3143
24.3	21.5053
20.5	22.131
24.5	23.4029
26.2	28.999
24.4	27.1537
24.8	26.3473
29.6	31.4328
42.8	41.6041
21.9	21.5053
20.9	23.7624
44	38.8648
50	37.4668
36	36.8951
30.1	26.9646
33.8	35.0743
43.1	39.8861
48.8	40.0294
31	37.0479
36.5	34.997
22.8	19.1425
30.7	32.1547
50	40.942
43.5	39.2035
20.7	23.8555
21.1	20.3335
25.2	25.5987
24.4	24.1605
35.2	42.0106
32.4	29.4732
32	30.4871
33.2	35.9864
33.1	30.0861
29.1	27.1348
35.1	30.0291
45.4	42.8392
35.4	31.7241
46	41.2209
50	43.299
32.2	33.4113
22	26.8705
20.1	22.1533
23.2	22.037
22.3	22.6467
24.8	27.1715
28.5	30.5657
37.3	34.348
27.9	28.2929
23.9	24.9915
21.7	21.0221
28.6	28.7141
27.1	24.2452
20.3	20.0541
22.5	25.5646
29	32.2223
24.8	30.5191
22	27.9283
26.4	26.8938
33.1	31.8575
36.1	35.6112
28.4	24.7852
33.4	38.6128
28.2	27.042
22.8	24.9463
20.3	20.8497
16.1	17.0862
22.1	21.5765
19.4	21.0884
21.6	22.3576
23.8	24.3861
16.2	19.707
17.8	20.5873
19.8	20.0208
23.1	23.0649
21	21.5307
23.8	23.3554
23.1	23.0263
20.4	21.1746
18.5	19.719
25	23.2815
24.6	26.6916
23	22.6286
22.2	21.3801
19.3	20.3853
22.6	25.6279
19.8	21.6899
17.1	19.711
19.4	23.7515
22.2	22.6528
20.7	22.6166
21.1	21.1554
19.5	20.3897
18.5	20.5032
20.6	21.2619
19	20.9098
18.7	20.8313
32.7	35.7178
16.5	24.1758
23.9	25.4892
31.2	30.4815
17.5	21.0457
17.2	20.5164
23.1	27.2639
24.5	28.1777
26.6	31.3004
22.9	23.8031
24.1	27.2645
18.6	23.722
30.1	28.8645
18.2	19.5402
20.6	20.6857
17.8	24.9778
21.7	26.3909
22.7	24.9512
22.6	21.5256
25	23.169
19.9	22.2716
20.8	18.4151
16.8	22.5796
21.9	36.275
27.5	13.1327
21.9	17.0534
23.1	13.8123
50	17.0763
50	28.2441
50	32.3455
50	22.0755
50	22.8076
13.8	16.8674
13.8	14.5401
15	33.5291
13.9	25.0674
13.3	26.4504
13.1	23.052
10.2	22.1143
10.4	28.4596
10.9	24.2142
11.3	19.0519
12.3	18.9919
8.8	15.1996
7.2	18.1149
10.5	16.0603
7.4	17.1751
10.2	16.7832
11.5	18.5154
15.1	19.7391
23.2	21.223
9.7	17.2943
13.8	21.9498
12.7	20.4681
13.1	23.6669
12.5	23.2151
8.5	19.8768
5	18.744
6.3	20.3163
5.6	20.9191
7.2	22.8181
12.1	23.2085
8.3	18.3688
8.5	19.0331
5	19.6192
